1540393629742,0.048339844
1540393629746,-0.043212891
1540393629750,-0.057861328
1540393629754,0.047607422
1540393629758,0.139892578
1540393629762,0.112060547
1540393629766,0.030029297
1540393629770,0.034423828
1540393629774,0.148681641
1540393629778,0.24609375
1540393629782,0.217529297
1540393629786,0.128173828
1540393629790,0.110595703
1540393629794,0.189697266
1540393629798,0.240234375
1540393629802,0.165527344
1540393629806,0.032226563
1540393629810,-0.006591797
1540393629814,0.0703125
1540393629818,0.136230469
1540393629822,0.071777344
1540393629826,-0.040283203
1540393629830,-0.074707031
1540393629834,0
1540393629838,0.059326172
1540393629842,0.010986328
1540393629846,-0.090087891
1540393629850,-0.113525391
1540393629854,-0.026367188
1540393629858,0.052734375
1540393629862,0.003662109
1540393629866,-0.109130859
1540393629870,-0.133300781
1540393629874,-0.049072266
1540393629878,0.004394531
1540393629882,-0.057861328
1540393629886,-0.194824219
1540393629890,-0.26953125
1540393629894,-0.251953125
1540393629898,-0.244628906
1540393629902,-0.294433594
1540393629906,-0.262207031
1540393629910,0.025634766
1540393629914,0.580810547
1540393629918,1.189453125
1540393629922,1.499267578
1540393629926,1.499267578
1540393629930,1.499267578
1540393629934,1.455322266
1540393629938,1.007080078
1540393629942,0.364746094
1540393629946,-0.151611328
1540393629950,-0.364013672
1540393629954,-0.303955078
1540393629958,-0.179443359
1540393629962,-0.159667969
1540393629966,-0.180908203
1540393629970,-0.121582031
1540393629974,0.020507813
1540393629978,0.119384766
1540393629982,0.068115234
1540393629986,-0.061523438
1540393629990,-0.10546875
1540393629994,-0.028564453
1540393629998,0.043945313
1540393630002,0.004394531
1540393630006,-0.087890625
1540393630010,-0.091552734
1540393630014,0.005126953
1540393630018,0.089355469
1540393630022,0.051269531
1540393630026,-0.042480469
1540393630030,-0.035888672
1540393630034,0.068115234
1540393630038,0.160400391
1540393630042,0.131835938
1540393630046,0.054199219
1540393630050,0.063720703
1540393630054,0.169921875
1540393630058,0.268066406
1540393630062,0.243896484
1540393630066,0.169189453
1540393630070,0.183837891
1540393630074,0.300292969
1540393630078,0.399902344
1540393630082,0.382324219
1540393630086,0.312011719
1540393630090,0.319335938
1540393630094,0.428466797
1540393630098,0.526611328
1540393630102,0.510498047
1540393630106,0.447509766
1540393630110,0.457763672
1540393630114,0.569091797
1540393630118,0.665039063
1540393630122,0.630615234
1540393630126,0.552246094
1540393630130,0.55078125
1540393630134,0.642333984
1540393630138,0.704589844
1540393630142,0.639404297
1540393630146,0.503173828
1540393630150,0.454833984
1540393630154,0.496582031
1540393630158,0.520019531
1540393630162,0.420410156
1540393630166,0.258544922
1540393630170,0.188232422
1540393630174,0.218994141
1540393630178,0.238769531
1540393630182,0.139160156
1540393630186,-0.010253906
1540393630190,-0.076904297
1540393630194,-0.031494141
1540393630198,-0.001464844
1540393630202,-0.073242188
1540393630206,-0.208007813
1540393630210,-0.255615234
1540393630214,-0.190429688
1540393630218,-0.136230469
1540393630222,-0.195556641
1540393630226,-0.317871094
1540393630230,-0.33984375
1540393630234,-0.259277344
1540393630238,-0.200683594
1540393630242,-0.259277344
1540393630246,-0.367675781
1540393630250,-0.388183594
1540393630254,-0.301025391
1540393630258,-0.221923828
1540393630262,-0.265869141
1540393630266,-0.369140625
1540393630270,-0.382324219
1540393630274,-0.283447266
1540393630278,-0.213134766
1540393630282,-0.257080078
1540393630286,-0.345703125
1540393630290,-0.360351563
1540393630294,-0.262939453
1540393630298,-0.180175781
1540393630302,-0.213867188
1540393630306,-0.309082031
1540393630310,-0.322265625
1540393630314,-0.231445313
1540393630318,-0.165527344
1540393630322,-0.200683594
1540393630326,-0.303222656
1540393630330,-0.309814453
1540393630334,-0.208740234
1540393630338,-0.127441406
1540393630342,-0.164794922
1540393630346,-0.268066406
1540393630350,-0.279785156
1540393630354,-0.185302734
1540393630358,-0.104003906
1540393630362,-0.154541016
1540393630366,-0.253417969
1540393630370,-0.266601563
1540393630374,-0.174316406
1540393630378,-0.093017578
1540393630382,-0.130371094
1540393630386,-0.231445313
1540393630390,-0.243896484
1540393630394,-0.150146484
1540393630398,-0.072509766
1540393630402,-0.1171875
1540393630406,-0.217529297
1540393630410,-0.229980469
1540393630414,-0.131103516
1540393630418,-0.061523438
1540393630422,-0.10546875
1540393630426,-0.196289063
1540393630430,-0.210205078
1540393630434,-0.123779297
1540393630438,-0.043945313
1540393630442,-0.085693359
1540393630446,-0.183105469
1540393630450,-0.194091797
1540393630454,-0.102539063
1540393630458,-0.030761719
1540393630462,-0.079833984
1540393630466,-0.178710938
1540393630470,-0.202880859
1540393630474,-0.102539063
1540393630478,-0.016845703
1540393630482,-0.060791016
1540393630486,-0.172851563
1540393630490,-0.186767578
1540393630494,-0.101806641
1540393630498,-0.021240234
1540393630502,-0.055664063
1540393630506,-0.153808594
1540393630510,-0.167724609
1540393630514,-0.08203125
1540393630518,-0.008056641
1540393630522,-0.054931641
1540393630526,-0.148681641
1540393630530,-0.153808594
1540393630534,-0.061523438
1540393630538,0.010253906
1540393630542,-0.031494141
1540393630546,-0.136230469
1540393630550,-0.142822266
1540393630554,-0.052001953
1540393630558,0.021972656
1540393630562,-0.024169922
1540393630566,-0.125244141
1540393630570,-0.137695313
1540393630574,-0.043945313
1540393630578,0.03515625
1540393630582,-0.005859375
1540393630586,-0.109863281
1540393630590,-0.123046875
1540393630594,-0.036621094
1540393630598,0.03515625
1540393630602,-0.012451172
1540393630606,-0.101806641
1540393630610,-0.110595703
1540393630614,-0.006591797
1540393630618,0.075439453
1540393630622,0.052001953
1540393630626,-0.041748047
1540393630630,-0.048339844
1540393630634,0.052001953
1540393630638,0.134765625
1540393630642,0.113525391
1540393630646,0.034423828
1540393630650,0.041748047
1540393630654,0.145751953
1540393630658,0.24609375
1540393630662,0.224853516
1540393630666,0.130371094
1540393630670,0.1171875
1540393630674,0.198486328
1540393630678,0.249023438
1540393630682,0.180175781
1540393630686,0.05859375
1540393630690,0.019775391
1540393630694,0.092285156
1540393630698,0.149414063
1540393630702,0.084960938
1540393630706,-0.030029297
1540393630710,-0.057128906
1540393630714,0.021972656
1540393630718,0.084228516
1540393630722,0.030761719
1540393630726,-0.073974609
1540393630730,-0.095214844
1540393630734,-0.010986328
1540393630738,0.059326172